 
1 1.000000 1 1 0 0 0 0 0 0
冰红茶 3.000000 20 2024 3 10 2025 3 10 1
西瓜 30.000000 50 2024 12 3 2024 12 29 1
0.000000 0.000000 0 0 0 0 0 0 0 0
.000000 0.000000 0 0 0 0 0 0 0 0
.000000 0.000000 0 0 0 0 0 0 0 0
方便面 5.000000 45 2024 5 4 2025 5 4 1
雀巢咖啡 5.000000 30 2023 7 7 2024 7 7 1
0 0.000000 0 0 0 0 0 0 0 0
0 0.000000 0 0 0 0 0 0 0 0
0 0.000000 0 0 0 0 0 0 0 0
0 0.000000 0 0 0 0 0 0 0 0
卤猪蹄 15.000000 21 2024 2 14 2025 2 14 1
0.000000 0.000000 0 0 0 0 0 0 0 0
0.000000 0.000000 0 0 0 0 0 0 0 0
0.000000 0.000000 0 0 0 0 0 0 0 0
0.000000 0.000000 0 0 0 0 0 0 0 0
0.000000 0.000000 0 0 0 0 0 0 0 0
0.000000 0.000000 0 0 0 0 0 0 0 0
0.000000 0.000000 0 0 0 0 0 0 0 0
0.000000 0.000000 0 0 0 0 0 0 0 0
0.000000 0.000000 0 0 0 0 0 0 0 0
0.000000 0.000000 0 0 0 0 0 0 0 0
0.000000 0.000000 0 0 0 0 0 0 0 0
0.000000 0.000000 0 0 0 0 0 0 0 0
0.000000 0.000000 0 0 0 0 0 0 0 0
0.000000 0.000000 0 0 0 0 0 0 0 0
0.000000 0.000000 0 0 0 0 0 0 0 0
0.000000 0.000000 0 0 0 0 0 0 0 0
0.000000 0.000000 0 0 0 0 0 0 0 0
0.000000 0.000000 0 0 0 0 0 0 0 0
0.000000 0.000000 0 0 0 0 0 0 0 0
0.000000 0.000000 0 0 0 0 0 0 0 0
0.000000 0.000000 0 0 0 0 0 0 0 0
0.000000 0.000000 0 0 0 0 0 0 0 0
0.000000 0.000000 0 0 0 0 0 0 0 0
0.000000 0.000000 0 0 0 0 0 0 0 0
0.000000 0.000000 0 0 0 0 0 0 0 0
0.000000 0.000000 0 0 0 0 0 0 0 0
0.000000 0.000000 0 0 0 0 0 0 0 0
0.000000 0.000000 0 0 0 0 0 0 0 0
0.000000 0.000000 0 0 0 0 0 0 0 0
0.000000 0.000000 0 0 0 0 0 0 0 0
0.000000 0.000000 0 0 0 0 0 0 0 0
0.000000 0.000000 0 0 0 0 0 0 0 0
0.000000 0.000000 0 0 0 0 0 0 0 0
0.000000 0.000000 0 0 0 0 0 0 0 0
0.000000 0.000000 0 0 0 0 0 0 0 0
0.000000 0.000000 0 0 0 0 0 0 0 0
0.000000 0.000000 0 0 0 0 0 0 0 0
0.000000 0.000000 0 0 0 0 0 0 0 0
0.000000 0.000000 0 0 0 0 0 0 0 0
0.000000 0.000000 0 0 0 0 0 0 0 0
0.000000 0.000000 0 0 0 0 0 0 0 0
0.000000 0.000000 0 0 0 0 0 0 0 0
0.000000 0.000000 0 0 0 0 0 0 0 0
0.000000 0.000000 0 0 0 0 0 0 0 0
0.000000 0.000000 0 0 0 0 0 0 0 0
0.000000 0.000000 0 0 0 0 0 0 0 0
0.000000 0.000000 0 0 0 0 0 0 0 0
